0 [9, 16, 17]
1 [0, 1, 2, 3, 4, 5, 7, 8, 9, 16, 17, 18]
2 [7, 8, 9, 16, 17, 18]
3 [0, 1, 4, 5, 7, 8, 9, 16, 17, 18]
4 [0, 1, 2, 3, 4, 5, 7, 8, 9, 11, 13, 14, 16, 17, 18, 19]
5 [8, 9, 16, 17]
6 [9, 17]
7 [0, 1, 2, 3, 4, 5, 7, 8, 9, 13, 16, 17, 18, 19]
8 [0, 1, 2, 3, 4, 5, 6, 7, 8, 9, 11, 12, 13, 14, 16, 17, 18, 19]
9 [0, 1, 2, 4, 5, 7, 8, 9, 16, 17, 18]
10 [0, 1, 2, 3, 4, 5, 7, 8, 9, 16, 17, 18, 19]
11 [0, 1, 2, 3, 4, 5, 6, 7, 8, 9, 11, 12, 13, 14, 15, 16, 17, 18, 19]
12 [9]
13 [4, 5, 7, 8, 9, 16, 17, 18]
14 [0, 1, 2, 3, 4, 5, 6, 7, 8, 9, 10, 11, 12, 13, 14, 15, 16, 17, 18, 19]
15 [5, 7, 8, 9, 16, 17, 18]
16 [7, 8, 9, 16, 17]
17 [1, 4, 5, 7, 8, 9, 16, 17, 18]
18 [0, 1, 2, 3, 4, 5, 6, 7, 8, 9, 11, 13, 14, 16, 17, 18, 19]
19 [0, 1, 2, 3, 4, 5, 7, 8, 9, 13, 14, 16, 17, 18, 19]
