0 [0, 1, 2, 3, 4, 5, 6, 7, 8, 10, 11, 12, 13, 14, 15, 18, 19]
1 [6, 10, 11, 12, 13, 14, 15, 19]
10 [6, 10, 11, 12, 13, 14, 15]
11 [10]
12 [0, 1, 2, 3, 4, 5, 6, 7, 8, 10, 11, 12, 13, 14, 15, 16, 17, 18, 19]
13 [0, 1, 2, 3, 6, 10, 11, 12, 13, 14, 15, 19]
15 [0, 1, 2, 3, 4, 6, 10, 11, 12, 13, 14, 15, 19]
16 [0, 1, 2, 3, 4, 5, 6, 10, 11, 12, 13, 14, 15, 18, 19]
17 [0, 2, 3, 6, 10, 11, 12, 13, 14, 15, 19]
18 [10, 12, 15]
19 [6, 10, 11, 12, 15]
2 [0, 1, 2, 3, 4, 5, 6, 10, 11, 12, 13, 14, 15, 19]
3 [2, 3, 6, 10, 11, 12, 13, 14, 15, 19]
4 [6, 10, 12, 15]
5 [0, 1, 2, 3, 4, 5, 6, 7, 10, 11, 12, 13, 14, 15, 18, 19]
6 [0, 1, 2, 3, 4, 5, 6, 7, 8, 10, 11, 12, 13, 14, 15, 16, 18, 19]
7 [6, 10, 11, 12, 14, 15]
8 [10, 15]
9 [3, 6, 10, 11, 12, 13, 14, 15, 19]
